tree
version=v3
num_class=1
num_tree_per_iteration=1
label_index=0
max_feature_idx=15
objective=binary sigmoid:1
feature_names=idade cs_raca cs_sexo prior_tb hiv diabetes other_dishx drug_yn alcohol_yn tobacco_yn benef_gov n_sub_abuse educ_cat_12+_years educ_cat_5-9_years educ_cat_9-12_years educ_cat_under_5
feature_infos=[18:100] [0:1] [0:1] [0:1] [0:1] [0:1] [0:1] [0:1] [0:1] [0:1] [0:1] [0:3] [0:1] [0:1] [0:1] [0:1]
tree_sizes=3454 3469 3494 3497 3501 3479 3480 3474 3482 3461 3429 3471 3461 3451 3382 3410 3436 3461 3388

Tree=0
num_leaves=31
num_cat=0
split_feature=4 3 11 0 11 12 7 2 0 8 7 0 7 6 12 6 6 2 12 3 8 1 6 0 2 1 2 0 1 1
split_gain=2211.63 1644.42 936.33 554.261 296.823 197.636 145.843 140.218 115.695 134.13 112.389 103.806 78.7359 71.736 52.2965 40.1363 35.8598 32.3955 31.0419 25.782 23.9286 23.4156 22.7821 24.9706 22.0384 20.0094 15.2711 15.0728 13.8165 13.0216
threshold=1.0000000180025095e-35 1.0000000180025095e-35 1.0000000180025095e-35 63.500000000000007 1.0000000180025095e-35 1.0000000180025095e-35 1.0000000180025095e-35 1.0000000180025095e-35 71.500000000000014 1.0000000180025095e-35 1.0000000180025095e-35 82.500000000000014 1.0000000180025095e-35 1.0000000180025095e-35 1.0000000180025095e-35 1.0000000180025095e-35 1.0000000180025095e-35 1.0000000180025095e-35 1.0000000180025095e-35 1.0000000180025095e-35 1.0000000180025095e-35 1.0000000180025095e-35 1.0000000180025095e-35 22.500000000000004 1.0000000180025095e-35 1.0000000180025095e-35 1.0000000180025095e-35 43.500000000000007 1.0000000180025095e-35 1.0000000180025095e-35
decision_type=2 2 2 2 2 2 2 2 2 2 2 2 2 2 2 2 2 2 2 2 2 2 2 2 2 2 2 2 2 2
left_child=1 2 3 5 14 7 8 16 9 22 18 24 20 -9 17 29 28 -3 19 -2 -6 -8 23 -4 -5 -25 27 -23 -1 -11
right_child=10 4 6 11 12 -7 21 13 -10 15 -12 -13 -14 -15 -16 -17 -18 -19 -20 -21 -22 26 -24 25 -26 -27 -28 -29 -30 -31
leaf_value=-0.32751687624191966 0.2257697853595621 -0.0077551075336381942 0.03367371491783952 -0.07896188067502069 0.1050925669187148 -0.42990306552524682 0.025235939363448742 -0.16987061580987176 0.22404252736748337 -0.056968907278722086 0.39670076254853692 0.22014494490824008 0.32039009414643038 -0.0022899150941754834 -0.31710605280932891 0.17283780244791502 -0.13892402314134261 0.095112546313901397 0.033071021290947668 0.31479199802197255 0.22001038067041181 0.27056660535279242 -0.0060136139088509712 -0.23383409199557906 0.011242696582713579 -0.12812420349000514 0.10815248927813281 -0.0010753395076437472 -0.2614039225265134 0.018210385698499466
leaf_weight=377.24977514147758 1046.7493760883808 381.74977245926857 64.749961405992508 383.2497715651989 247.24985262751579 334.74980047345161 290.74982669949532 3319.9980211257935 159.2499050796032 262.99984323978424 584.49965161085129 188.4998876452446 730.24956473708153 246.9998527765274 32.749980479478836 137.99991774559021 188.24988779425621 990.24940976500511 61.499963343143463 406.49975770711899 478.99971449375153 100.499940097332 121.4999275803566 231.99986171722412 669.74960079789162 527.7496854364872 896.74946549534798 22.499986588954926 1156.9993103742599 979.9994158744812
leaf_count=1509 4187 1527 259 1533 989 1339 1163 13280 637 1052 2338 754 2921 988 131 552 753 3961 246 1626 1916 402 486 928 2679 2111 3587 90 4628 3920
internal_value=-0.0015362 -0.0460074 -0.100198 -0.166309 0.155937 -0.206356 0.01935 -0.192209 -0.0233378 -0.0402675 0.284956 0.0151148 0.25083 -0.158266 0.0575472 0.0193447 -0.262498 0.0664903 0.241836 0.250671 0.180887 0.100336 -0.127291 -0.145163 -0.0215882 -0.160404 0.121749 0.220876 -0.27766 0.00230358
internal_weight=0 13523.7 10662.5 6865.75 2861.25 5624.25 3796.75 5289.5 2486.25 2327 2099.25 1241.5 1456.5 3567 1404.75 1381 1722.5 1372 1514.75 1453.25 726.25 1310.5 945.999 824.5 1053 759.75 1019.75 123 1534.25 1243
internal_count=62492 54095 42650 27463 11445 22497 15187 21158 9945 9308 8397 4966 5826 14268 5619 5524 6890 5488 6059 5813 2905 5242 3784 3298 4212 3039 4079 492 6137 4972
is_linear=0
shrinkage=1


Tree=1
num_leaves=31
num_cat=0
split_feature=4 3 11 0 7 12 11 2 7 0 8 9 0 6 0 12 14 8 6 9 11 0 2 13 12 1 1 0 0 0
split_gain=1113.41 816.748 467.072 287.92 153.233 108.126 84.8572 74.5429 63.2246 50.6872 50.1443 40.0758 49.7741 39.6027 27.7633 24.5926 23.1248 22.3964 20.7572 14.5776 18.8891 13.745 13.7621 13.5764 13.1676 13.1034 12.6548 12.3325 12.1345 12.8078
threshold=1.0000000180025095e-35 1.0000000180025095e-35 1.0000000180025095e-35 65.500000000000014 1.0000000180025095e-35 1.0000000180025095e-35 1.5000000000000002 1.0000000180025095e-35 1.0000000180025095e-35 77.500000000000014 1.0000000180025095e-35 1.0000000180025095e-35 71.500000000000014 1.0000000180025095e-35 69.500000000000014 1.0000000180025095e-35 1.0000000180025095e-35 1.0000000180025095e-35 1.0000000180025095e-35 1.0000000180025095e-35 2.5000000000000004 78.500000000000014 1.0000000180025095e-35 1.0000000180025095e-35 1.0000000180025095e-35 1.0000000180025095e-35 1.0000000180025095e-35 55.500000000000007 20.500000000000004 43.500000000000007
decision_type=2 2 2 2 2 2 2 2 2 2 2 2 2 2 2 2 2 2 2 2 2 2 2 2 2 2 2 2 2 2
left_child=1 2 3 5 10 7 11 18 17 16 15 25 -13 26 19 21 -5 24 23 -8 28 22 -3 -1 -2 -4 -9 -17 -21 -30
right_child=8 4 6 9 -6 -7 14 13 -10 -11 -12 12 -14 -15 -16 27 -18 -19 -20 20 -22 -23 -24 -25 -26 -27 -28 -29 29 -31
leaf_value=-0.21042597797374496 0.16401188661616467 0.00084206603849952132 -0.051763751656958006 -0.08586518820374997 0.2320157600646964 -0.31158336818599169 0.14329166183720352 -0.15247066518497265 0.29147548890972225 0.11727016234204571 0.15723492043611192 -0.088634151661261873 0.13474380677664607 0.0026868200641129831 0.29659784696764785 -0.28384483616160056 0.023722916898904954 0.25720067775233935 -0.094011328481015316 0.17530991767868118 0.09884841922440947 0.2177935931769924 0.064204151544682814 -0.14025057282546347 0.016399871162282333 0.031905875037036582 -0.10811685764656802 0.20143887034122387 -0.014277495318747949 0.055399850761829114
leaf_weight=1233.8905604481697 1193.8300592303276 421.84564530849457 209.6907424479723 291.32336542010307 711.82601708173752 325.49264109134674 164.45668087899685 741.81922915577888 562.09404867887497 359.62982764840126 473.24998980760574 940.67792773246765 99.249328136444092 264.49912327528 45.336074694991112 28.798111841082573 427.75574418902397 240.78605972230434 201.8220337331295 46.589430198073387 467.92421266436577 43.6798075735569 1148.3081033080816 310.56698249280453 56.984419226646423 856.69169123470783 2636.8424269258976 5.6352985054254523 504.60261915624142 448.42680677771568
leaf_count=5030 4852 1688 840 1166 2921 1362 660 2988 2338 1448 1916 3784 402 1058 183 118 1712 979 811 187 1878 175 4604 1266 228 3434 10622 23 2023 1796
internal_value=0 -0.0314748 -0.0697929 -0.11684 0.111572 -0.143672 0.0146809 -0.133531 0.205729 0.0253145 0.0711599 -0.0254112 -0.0673152 -0.109104 0.0650265 0.0464461 -0.0206749 0.173416 -0.184491 0.0585936 0.0491021 0.0517987 0.047181 -0.196315 0.157287 0.0154533 -0.117855 -0.204424 0.0258157 0.0185076
internal_weight=0 13410.6 10577.3 6793.64 2833.34 5714.93 3783.65 5389.44 2053.69 1078.71 2121.52 2106.31 1039.93 3643.16 1677.34 1648.27 719.079 1491.6 1746.28 1632 1467.54 1613.83 1570.15 1544.46 1250.81 1066.38 3378.66 34.4334 999.619 953.029
internal_count=62492 54095 42650 27463 11445 23137 15187 21775 8397 4326 8524 8460 4186 14668 6727 6608 2878 6059 7107 6544 5884 6467 6292 6296 5080 4274 13610 141 4006 3819
is_linear=0
shrinkage=0.3


Tree=2
num_leaves=31
num_cat=0
split_feature=4 3 11 0 7 12 11 3 2 0 8 0 9 0 6 8 0 0 7 6 7 2 12 14 1 12 0 6 6 10
split_gain=577.408 411.825 237.603 149.19 84.7104 69.1066 41.9657 41.8535 40.8446 31.715 25.9842 23.4571 24.5957 17.8161 17.7877 15.6749 15.4472 16.158 14.3099 13.5612 13.5145 16.6993 12.7256 12.471 10.7436 10.7286 10.2846 10.0125 9.64627 9.57804
threshold=1.0000000180025095e-35 1.0000000180025095e-35 1.0000000180025095e-35 63.500000000000007 1.0000000180025095e-35 1.0000000180025095e-35 1.5000000000000002 1.0000000180025095e-35 1.0000000180025095e-35 83.500000000000014 1.0000000180025095e-35 79.500000000000014 1.0000000180025095e-35 63.500000000000007 1.0000000180025095e-35 1.0000000180025095e-35 64.500000000000014 30.500000000000004 1.0000000180025095e-35 1.0000000180025095e-35 1.0000000180025095e-35 1.0000000180025095e-35 1.0000000180025095e-35 1.0000000180025095e-35 1.0000000180025095e-35 1.0000000180025095e-35 35.500000000000007 1.0000000180025095e-35 1.0000000180025095e-35 1.0000000180025095e-35
decision_type=2 2 2 2 2 2 2 2 2 2 2 2 2 2 2 2 2 2 2 2 2 2 2 2 2 2 2 2 2 2
left_child=1 2 3 5 10 8 11 15 24 23 22 12 -4 20 29 25 17 -14 -9 -19 -8 -22 -3 -5 -1 -2 -23 -26 -25 -10
right_child=7 4 6 9 -6 -7 13 18 14 -11 -12 -13 16 -15 -16 -17 -18 19 -20 -21 21 26 -24 28 27 -27 -28 -29 -30 -31
leaf_value=-0.17919006476379368 0.11029535937339617 0.036423145086835862 0.0094917838129065322 -0.047220586252262164 0.17233953002147503 -0.24712338666411379 0.0019589300205282469 0.1795047017762755 -0.081492769853893268 0.13645556716540097 0.11316809577037029 0.20586178452262702 0.0019238840099616392 0.16456950959014213 -0.001333647213341944 0.17976659374534004 0.029817707394528114 -0.11255381169428719 0.27211221582457401 0.017569054625449259 0.17044700144676958 0.020870315847831642 -0.15235929157049907 -0.00059655173236606294 -0.13217934311239446 -0.03247940213539869 0.088966692397330002 -0.046815203637003207 0.089298078622000038 -0.16399188209492646
leaf_weight=398.76253537833691 967.55643343925476 1608.2902894616127 1056.986712872982 435.92586958408356 677.25617383420467 292.64826217293739 590.18158982694149 391.77346768975258 3120.0030959099531 156.50315141677856 462.35412919521332 41.334027796983719 200.48418468236923 106.52582277357578 246.99998527765274 316.33747111260891 158.17912137508392 556.28567515313625 243.5129377245903 82.814396440982819 108.49139489233494 550.25328382849693 32.791594609618187 504.32026913762093 1098.3453087806702 49.80587437748909 313.24012359976768 139.35117721557617 136.51259057223797 132.01356290280819
leaf_count=1697 4058 6467 4241 1752 2921 1339 2365 1664 12741 644 1916 170 810 437 988 1381 646 2261 1094 332 443 2218 141 2023 4628 200 1264 565 547 539
internal_value=0 -0.0225194 -0.0498779 -0.0839244 0.0800609 -0.105324 0.0103639 0.151628 -0.0972437 0.0102659 0.0503493 -0.0178967 -0.0223979 0.0458628 -0.0789468 0.121441 -0.0561805 -0.0723827 0.215002 -0.0956925 0.0377681 0.0595111 0.032651 -0.00807536 -0.136366 0.103306 0.0455729 -0.122568 0.0185531 -0.0848418
internal_weight=0 13206.9 10426.2 6661.39 2780.69 5428.12 3764.78 1968.99 5135.48 1233.26 2103.44 2096.08 2054.75 1668.69 3499.02 1333.7 997.763 839.584 635.286 639.1 1562.17 971.985 1641.08 1076.76 1636.46 1017.36 863.493 1237.7 640.833 3252.02
internal_count=62492 54095 42650 27463 11445 22497 15187 8397 21158 4966 8524 8460 8290 6727 14268 5639 4049 3403 2758 2593 6290 3925 6608 4322 6890 4258 3482 5193 2570 13280
is_linear=0
shrinkage=0.3


Tree=3
num_leaves=31
num_cat=0
split_feature=4 11 3 3 0 12 7 1 2 6 7 0 11 6 1 2 5 0 0 0 2 11 14 8 2 1 13 0 1 0
split_gain=301.152 208.278 90.5409 78.8195 85.4095 45.2392 30.485 29.0054 25.1713 23.7241 19.8969 13.9566 13.8061 13.432 13.0283 12.0748 11.9513 12.9519 11.412 10.9969 10.7391 10.1484 9.53317 11.5992 9.45158 9.35988 9.35037 9.11856 8.9134 8.60671
threshold=1.0000000180025095e-35 1.0000000180025095e-35 1.0000000180025095e-35 1.0000000180025095e-35 71.500000000000014 1.0000000180025095e-35 1.0000000180025095e-35 1.0000000180025095e-35 1.0000000180025095e-35 1.0000000180025095e-35 1.0000000180025095e-35 77.500000000000014 1.5000000000000002 1.0000000180025095e-35 1.0000000180025095e-35 1.0000000180025095e-35 1.0000000180025095e-35 62.500000000000007 44.500000000000007 86.500000000000014 1.0000000180025095e-35 1.5000000000000002 1.0000000180025095e-35 1.0000000180025095e-35 1.0000000180025095e-35 1.0000000180025095e-35 1.0000000180025095e-35 29.500000000000004 1.0000000180025095e-35 49.500000000000007
decision_type=2 2 2 2 2 2 2 2 2 2 2 2 2 2 2 2 2 2 2 2 2 2 2 2 2 2 2 2 2 2
left_child=1 3 7 4 5 8 14 11 29 10 16 21 28 25 -2 -6 17 -9 -7 -17 -5 -3 23 -11 27 -10 -18 -8 -4 -1
right_child=6 2 12 20 15 18 24 9 13 22 -12 -13 -14 -15 -16 19 26 -19 -20 -21 -22 -23 -24 -25 -26 -27 -28 -29 -30 -31
leaf_value=-0.11031050890404777 0.037241533051611632 -0.073141004061778286 -0.0016416238860134861 -0.023349654759424101 -0.01206280410820329 -0.22688161634076809 0.37760633760319506 -0.0098702918901439392 -0.086860812241395149 -0.052411138090178527 0.048130940693468786 0.1969447474175274 0.12714530040008831 0.0073271002077064879 0.10576964121651089 0.051948497358437692 -0.049879349030478998 0.073749401368423284 -0.093604490011863745 0.19320764325780856 0.034972775904441977 -0.0084464453034309144 0.14812612145725071 0.13186150172490579 0.14999263991714026 -0.049399248214469178 -0.23615086790871226 0.19974743277011578 0.084790479817511921 -0.065710540852723917
leaf_weight=1188.4533706754446 325.09307463467121 503.47030188143253 136.96864745020866 398.09309600293636 250.90727780759335 202.98090347647667 34.004191935062408 1277.8023692667484 770.9108317643404 62.075951293110847 920.19464600086212 21.970372498035431 704.21381618082523 311.53973539173603 1076.4341929256916 372.16407050192356 116.7327826321125 191.72216418385506 80.854373767971992 57.22681075334549 992.68854884803295 385.17676647007465 172.81126123666763 60.907615914940834 337.72403140366077 2711.7069534957409 30.614531829953194 109.43138222396374 497.13878282904625 579.1942870169878
leaf_count=5194 1399 2055 576 1602 1020 1027 166 5154 3201 251 3742 94 3139 1247 4660 1503 474 788 390 242 4017 1553 703 249 1638 11184 124 534 2111 2455
internal_value=0 -0.0161383 0.0312596 -0.0465634 -0.0603823 -0.0720904 0.112242 0.00731666 -0.0661285 0.0222886 0.0129144 -0.0392599 0.0982315 -0.052353 0.0898741 0.0402226 -0.00712802 0.00103919 -0.188916 0.0707747 0.0182787 -0.0450997 0.102692 0.0388499 0.177394 -0.0576917 -0.0885812 0.241912 0.0661209 -0.0956967
internal_weight=0 12998.5 5081.8 7916.72 6525.94 5845.64 1882.69 3743.48 5561.81 2832.86 2537.07 910.617 1338.32 3794.16 1401.53 680.298 1616.87 1469.52 283.835 429.391 1390.78 888.647 295.795 122.984 481.16 3482.62 147.347 143.436 634.107 1767.65
internal_count=62492 54095 21013 33082 27463 24698 8397 15187 23281 11485 10282 3702 5826 15632 6059 2765 6540 5942 1417 1745 5619 3608 1203 500 2338 14385 598 700 2687 7649
is_linear=0
shrinkage=0.3


Tree=4
num_leaves=31
num_cat=0
split_feature=4 11 3 12 0 3 3 6 6 10 2 7 0 0 1 0 5 0 7 2 0 2 0 1 15 14 13 0 0 0
split_gain=156.251 104.972 46.9162 45.6328 40.5529 40.0801 24.4815 16.6298 16.4586 16.4967 16.1539 15.4738 13.445 12.3739 11.7118 11.6196 10.4956 15.0487 10.212 9.9956 11.3246 9.64524 9.52524 10.8792 9.33444 8.8176 8.58439 9.57444 13.1974 8.37401
threshold=1.0000000180025095e-35 1.0000000180025095e-35 1.0000000180025095e-35 1.0000000180025095e-35 75.500000000000014 1.0000000180025095e-35 1.0000000180025095e-35 1.0000000180025095e-35 1.0000000180025095e-35 1.0000000180025095e-35 1.0000000180025095e-35 1.0000000180025095e-35 58.500000000000007 51.500000000000007 1.0000000180025095e-35 43.500000000000007 1.0000000180025095e-35 58.500000000000007 1.0000000180025095e-35 1.0000000180025095e-35 49.500000000000007 1.0000000180025095e-35 32.500000000000007 1.0000000180025095e-35 1.0000000180025095e-35 1.0000000180025095e-35 1.0000000180025095e-35 49.500000000000007 22.500000000000004 43.500000000000007
decision_type=2 2 2 2 2 2 2 2 2 2 2 2 2 2 2 2 2 2 2 2 2 2 2 2 2 2 2 2 2 2
left_child=1 3 8 4 5 7 12 10 9 11 26 14 -2 -11 -3 22 17 -12 -4 20 -13 -20 23 -7 -19 -17 27 28 -1 -5
right_child=6 2 18 29 -6 15 -8 -9 -10 13 16 19 -14 -15 -16 25 -18 24 21 -21 -22 -23 -24 -25 -26 -27 -28 -29 -30 -31
leaf_value=-0.036549901924709194 0.050811656851840893 -0.051143186912022583 0.04613953155664971 -0.18355987416405631 0.05432649370080616 -0.078524964559563357 0.13466209430800566 0.0023029715480206367 0.062842330511541117 -0.13261419766672458 -0.043895682003189614 0.14850290163835669 0.17433865402094567 0.020058671873953337 0.0015066716768161578 -0.071324547269699862 -0.096941897573601818 0.033730796227218765 0.18900280642862613 0.022662263490007672 -0.1717033863940583 0.083678280729394094 0.077095568310238713 0.032026537115019897 -0.062373405789639888 0.0097685503161407585 -0.031805918584124515 -0.049746773571629377 -0.12644769134316963 -0.079726378106040011
leaf_weight=190.31624600291252 1162.6574656814337 510.79850187897682 682.93417751789093 197.86329047381878 494.79136158525944 100.35606598854065 561.62908700108528 589.44045867025852 397.89301280677319 144.05750097334385 2770.0562709420919 101.24126744270325 85.105646550655365 71.486655950546265 1487.8220957368612 202.12314982712269 267.28782097995281 399.47335880994797 92.003287717700005 1001.5222887396812 11.022749826312063 523.55628457665443 304.4985368847847 397.19980384409428 117.77650617063046 299.48253935575485 309.81365543603897 404.50640542805195 645.32009646296501 108.0920986533165
leaf_count=871 5262 2106 2905 1100 2039 405 2758 2392 1636 587 11603 426 377 294 6025 816 1110 1630 436 4068 45 2485 1230 1605 481 1209 1368 1747 2955 521
internal_value=0 -0.0115251 0.0222916 -0.0333124 -0.028675 -0.0345439 0.0826487 -0.0454077 0.0051776 -0.00171685 -0.050917 0.00384157 0.059237 -0.0819792 -0.0119493 0.0129061 -0.0397729 -0.0351245 0.0713977 0.0321774 0.117063 0.0994204 0.0353043 0.00972851 0.0118481 -0.0229081 -0.0764745 -0.0876336 -0.105973 -0.146876
internal_weight=0 12822.7 5024.34 7798.4 7492.44 6997.65 1809.39 5693.99 3725.84 3327.95 5104.55 3112.41 1247.76 215.544 1998.62 1303.66 3554.59 3287.31 1298.49 1113.79 112.264 615.56 802.054 497.556 517.25 501.606 1549.96 1240.14 835.636 305.955
internal_count=62492 54095 21013 33082 31461 29422 8397 24157 15187 13551 21765 12670 5639 881 8131 5265 14824 13714 5826 4539 471 2921 3240 2010 2111 2025 6941 5573 3826 1621
is_linear=0
shrinkage=0.3


Tree=5
num_leaves=31
num_cat=0
split_feature=8 4 3 4 12 0 5 1 0 3 0 0 6 7 6 0 0 14 0 9 1 0 14 0 1 0 0 2 0 14
split_gain=84.3411 47.9531 32.2646 29.2546 27.2881 25.5896 17.8763 14.4218 13.1101 13.4576 10.3774 9.68373 10.2947 8.77157 8.27093 8.67937 8.25587 7.23699 7.60731 7.20676 10.3341 9.48071 7.05608 6.84337 6.81254 9.8448 8.70649 11.5652 6.70435 15.9448
threshold=1.0000000180025095e-35 1.0000000180025095e-35 1.0000000180025095e-35 1.0000000180025095e-35 1.0000000180025095e-35 67.500000000000014 1.0000000180025095e-35 1.0000000180025095e-35 78.500000000000014 1.0000000180025095e-35 41.500000000000007 87.500000000000014 1.0000000180025095e-35 1.0000000180025095e-35 1.0000000180025095e-35 76.500000000000014 51.500000000000007 1.0000000180025095e-35 30.500000000000004 1.0000000180025095e-35 1.0000000180025095e-35 39.500000000000007 1.0000000180025095e-35 33.500000000000007 1.0000000180025095e-35 43.500000000000007 64.500000000000014 1.0000000180025095e-35 21.500000000000004 1.0000000180025095e-35
decision_type=2 2 2 2 2 2 2 2 2 2 2 2 2 2 2 2 2 2 2 2 2 2 2 2 2 2 2 2 2 2
left_child=1 2 4 8 5 6 7 22 9 14 -8 12 -7 19 15 17 -11 -2 -19 21 -21 -3 -1 -6 -4 -26 27 -27 29 -9
right_child=3 13 24 -5 23 11 10 28 -10 16 -12 -13 -14 -15 -16 -17 -18 18 -20 20 -22 -23 -24 -25 25 26 -28 -29 -30 -31
leaf_value=-0.024973771121888488 -0.0077275342992415164 0.013767622342680546 -0.01785610704310301 0.11367772314832897 -0.1725916085790811 -0.0053692759270110284 0.0043614777596651683 0.082008918348260504 0.2744211017185364 0.080864135142170862 -0.10074316746140749 0.12847455689031012 0.067354531171615981 0.10375512480184966 0.076226852202619447 -0.33501536303597729 0.006146389399736516 -0.021771684061378475 0.043993068508150636 -0.15478011207112621 0.031790170852577494 0.072119290147078588 -0.06869734087373229 -0.078523637252412085 0.044349464246184071 -0.10659493959657079 0.058709008374930767 0.0040963621513573365 -0.022672198240635027 -0.02329800612574014
leaf_weight=522.54480376839638 882.08671995997429 556.12408496439457 420.48871640861034 449.56111295521259 122.45003533363342 752.46497784554958 103.05180965363979 193.90688928961754 19.809734314680099 580.5999785810709 470.769915163517 68.19570828974247 228.35272327065468 177.74865725636482 190.7590114325285 6.5165342092514029 172.67740039527416 200.94230683147907 746.00298023223877 43.36570081114769 69.609462276101112 456.14175321161747 911.83084107935429 161.27530457079411 923.3355828076601 120.1941205561161 138.21059930324554 289.71877764165401 4062.1208708882332 389.01102252304554
leaf_count=2240 3575 2505 1753 2345 758 3068 448 818 89 2729 2011 303 936 972 801 28 777 817 3019 193 319 2063 3986 845 3926 490 564 1191 17253 1670
internal_value=0 -0.0122705 -0.0194061 0.0426408 -0.0277514 -0.0243856 -0.0312519 -0.0264744 0.0312328 0.0294996 -0.0818676 0.0191626 0.0115622 0.041824 0.0167722 0.0105934 0.0637362 0.0118247 0.0300378 0.032041 -0.0398251 0.0400617 -0.0527688 -0.119121 0.0158197 0.025443 -0.00640565 -0.0283604 -0.0183547 0.0117322
internal_weight=0 11180.9 9877.92 3248.96 7985.97 7702.25 6653.24 6079.41 2799.39 2779.58 573.822 1049.01 980.818 1302.99 2026.31 1835.55 753.277 1829.03 946.945 1125.24 112.975 1012.27 1434.38 283.725 1891.95 1471.46 548.123 409.913 4645.04 582.918
internal_count=62492 48312 42260 14180 34336 32733 28426 25967 11835 11746 2459 4307 4004 6052 8240 7439 3506 7411 3836 5080 512 4568 6226 1603 7924 6171 2245 1681 19741 2488
is_linear=0
shrinkage=0.3


Tree=6
num_leaves=31
num_cat=0
split_feature=7 12 4 2 0 2 0 8 6 5 3 0 6 0 11 0 14 0 0 14 0 0 10 0 0 10 14 0 0 3
split_gain=57.2298 24.5596 23.6182 21.8213 21.2111 16.8563 9.92929 10.5928 9.38962 10.2643 9.11131 10.0715 7.54126 7.51721 7.19599 6.75817 6.653 6.41995 6.85896 11.6796 6.08366 8.01454 6.95354 5.91993 7.39048 7.35018 5.88647 5.60526 12.0758 6.11867
threshold=1.0000000180025095e-35 1.0000000180025095e-35 1.0000000180025095e-35 1.0000000180025095e-35 77.500000000000014 1.0000000180025095e-35 25.500000000000004 1.0000000180025095e-35 1.0000000180025095e-35 1.0000000180025095e-35 1.0000000180025095e-35 58.500000000000007 1.0000000180025095e-35 20.500000000000004 1.5000000000000002 18.500000000000004 1.0000000180025095e-35 23.500000000000004 39.500000000000007 1.0000000180025095e-35 41.500000000000007 35.500000000000007 1.0000000180025095e-35 49.500000000000007 52.500000000000007 1.0000000180025095e-35 1.0000000180025095e-35 51.500000000000007 43.500000000000007 1.0000000180025095e-35
decision_type=2 2 2 2 2 2 2 2 2 2 2 2 2 2 2 2 2 2 2 2 2 2 2 2 2 2 2 2 2 2
left_child=1 2 4 20 5 12 15 27 9 10 11 -7 17 -10 -6 -5 -14 -1 19 -19 21 -2 -22 25 -25 -11 -20 28 -8 -30
right_child=3 -3 -4 6 14 8 7 -9 13 23 -12 -13 16 -15 -16 -17 -18 18 26 -21 22 -23 -24 24 -26 -27 -28 -29 29 -31
leaf_value=-0.0030134730291408143 0.10531168285658329 -0.084308453747867024 0.033312821518257853 0.14611163422591211 0.047286409513287643 -0.018272094500525565 0.0067570558950060143 0.066652619787948342 -0.20163193229292531 0.0034979287071175316 0.016425879080447292 0.01732033989803421 -0.0489529066476743 0.031959860728466155 0.27665501702835327 -0.013921298513053548 0.035454477505753111 -0.013991793002670668 -0.058733200786961398 -0.095297513706573619 0.073740908356358256 0.22592541229465554 -0.20063598943639691 -0.19142429497439808 -0.057415937144524726 -0.33232214069822696 -0.015369678416565655 -0.082977304957273221 0.20044592762875116 0.0051973754115098069
leaf_weight=350.18585754930973 195.2371239066124 369.14713640511036 1246.4989653378725 25.045912191271782 430.34495893120766 3995.0233728140593 501.27372151613235 810.33706431090832 12.632554352283476 175.95647710561752 1293.9917166084051 871.62786644697189 129.34843118488789 670.42710730433464 12.672716110944746 458.79824335873127 239.94196653366089 231.55373106896877 473.06148301064968 507.55775009095669 69.7341568171978 66.460814759135246 9.4380086958408338 42.874607771635056 272.09312039613724 6.0680892020463935 696.62881523370743 48.8775774538517 47.596706584095955 20.739486902952194
leaf_count=1587 1007 2043 5813 109 1834 16757 2269 3827 51 746 5417 3566 533 2742 64 2013 992 1023 2054 2357 352 349 46 183 1142 26 3061 216 205 108
internal_value=0 -0.00812459 -0.00571235 0.0439699 -0.0103844 -0.0132388 0.0315074 0.0440858 -0.00585732 -0.00929405 -0.00594834 -0.0118974 -0.033855 0.0276398 0.0538476 -0.00563729 0.00588977 -0.0403524 -0.0472025 -0.0698255 0.113898 0.135943 0.0410328 -0.050767 -0.0756577 -0.00769719 -0.0329073 0.0145189 0.0228849 0.14119
internal_weight=0 12027.6 11658.5 2253.54 10412 9968.97 1912.67 1428.82 7340.69 6657.64 6160.64 4866.65 2628.28 683.06 443.018 483.844 369.29 2258.99 1908.8 739.111 340.87 261.698 79.1722 496.992 314.968 182.025 1169.69 618.487 569.61 68.3362
internal_count=62492 51991 49948 10501 44135 42237 8747 6625 30630 27837 25740 20323 11607 2793 1898 2122 1525 10082 8495 3380 1754 1356 398 2097 1325 772 5115 2798 2582 313
is_linear=0
shrinkage=0.3


Tree=7
num_leaves=31
num_cat=0
split_feature=3 1 4 8 0 12 2 11 10 0 4 0 0 5 0 14 14 0 0 5 0 0 0 14 0 8 6 0 15 0
split_gain=31.8894 19.9584 14.3552 12.3473 10.49 7.50748 7.40613 7.21094 7.15266 7.87764 6.43471 6.36823 7.01127 6.18504 5.69916 15.9714 6.60024 11.7964 10.132 6.61416 5.46808 5.44211 5.40436 5.16598 5.05987 5.0028 4.99798 4.8008 8.59347 7.22774
threshold=1.0000000180025095e-35 1.0000000180025095e-35 1.0000000180025095e-35 1.0000000180025095e-35 60.500000000000007 1.0000000180025095e-35 1.0000000180025095e-35 1.5000000000000002 1.0000000180025095e-35 74.500000000000014 1.0000000180025095e-35 49.500000000000007 66.500000000000014 1.0000000180025095e-35 23.500000000000004 1.0000000180025095e-35 1.0000000180025095e-35 34.500000000000007 33.500000000000007 1.0000000180025095e-35 28.500000000000004 63.500000000000007 87.500000000000014 1.0000000180025095e-35 84.500000000000014 1.0000000180025095e-35 1.0000000180025095e-35 36.500000000000007 1.0000000180025095e-35 48.500000000000007
decision_type=2 2 2 2 2 2 2 2 2 2 2 2 2 2 2 2 2 2 2 2 2 2 2 2 2 2 2 2 2 2
left_child=1 8 7 4 5 10 -6 24 9 13 14 -10 -13 -1 15 -3 18 -18 -16 -19 -7 23 -8 -5 -2 27 -14 -4 -29 -30
right_child=2 3 25 21 6 20 22 -9 11 -11 -12 12 26 -15 16 -17 17 19 -20 -21 -22 -23 -24 -25 -26 -27 -28 28 29 -31
leaf_value=-0.026148474727017628 0.0078422142303022236 0.060592735122959547 0.089527717727504619 -0.00052919923099368214 -0.013861832959944972 -0.16156174430498757 0.031356903528333133 0.0461197490301496 -0.1556380680371158 0.032572663260957979 0.018407807460868255 0.06977588313540424 -0.20206340815564533 -0.079625602169133905 0.00057518935231607035 -0.021890317947196754 -0.036264839059480795 0.01650904309065598 -0.05324178121508296 -0.045740570104596839 -0.037362733851331181 0.081339816154440386 0.17301329951051547 0.032989925307081946 0.18361730223193176 0.11779121749359203 0.093956160807620884 0.045595610763825713 -0.25838072780603727 0.083906031569790165
leaf_weight=2173.5599333047867 1964.8661622852087 325.25201845169067 167.01493312418461 778.29725284874439 408.34997923672199 48.678914397954941 775.91259050369263 625.13528826832771 74.729314252734184 189.74330528080463 627.96662698686123 32.693654239177704 22.089496880769733 213.79308573901653 472.00681608915329 602.93384720385075 876.62349326908588 1178.5451165735722 945.60110972821712 176.64346551895142 92.579442828893661 128.64455039799213 25.02058669924736 883.65505601465702 14.850368455052374 157.5587809830904 6.6873442232608786 149.51945807039738 16.677331760525707 8.3231199085712415
leaf_count=9715 8243 1367 886 3296 1716 332 3204 3139 342 807 2928 143 93 946 2005 2606 3837 5085 4068 781 548 563 121 3758 63 964 28 777 88 43
internal_value=0 -0.00745053 0.0269608 -0.000184506 -0.00621462 -0.0119215 0.0190184 0.0180305 -0.0298025 -0.0262614 -0.0100697 -0.0968038 -0.0252793 -0.0309375 -0.0139764 0.00701314 -0.0193148 -0.00914671 -0.0353229 0.00839505 -0.0801628 0.0218942 0.0357821 0.0172928 0.00916075 0.0735698 -0.133273 0.0531693 0.0183743 -0.144427
internal_weight=0 11060 3103.95 8346.71 6556.11 5346.83 1209.28 2604.85 2713.3 2577.1 5205.57 136.2 61.4705 2387.35 4577.61 928.186 3649.42 2231.81 1417.61 1355.19 141.258 1790.6 800.933 1661.95 1979.72 499.094 28.7768 341.535 174.52 25.0005
internal_count=62492 48289 14203 36215 28598 23557 5041 11445 12074 11468 22677 606 264 10661 19749 3973 15776 9703 6073 5866 880 7617 3325 7054 8306 2758 121 1794 908 131
is_linear=0
shrinkage=0.3


Tree=8
num_leaves=31
num_cat=0
split_feature=7 10 2 1 3 0 0 13 0 4 0 2 11 15 0 9 0 12 4 5 0 0 6 13 0 11 0 0 0 0
split_gain=22.0947 12.0713 11.4865 11.088 7.47973 8.08041 5.6365 5.51748 7.35496 5.28572 5.14646 5.12683 7.16864 4.70618 5.73235 7.76027 5.26343 4.65066 4.60628 4.52993 4.44819 5.57914 4.39087 4.28621 5.53028 4.18502 4.09072 4.0123 6.78865 3.98482
threshold=1.0000000180025095e-35 1.0000000180025095e-35 1.0000000180025095e-35 1.0000000180025095e-35 1.0000000180025095e-35 60.500000000000007 53.500000000000007 1.0000000180025095e-35 18.500000000000004 1.0000000180025095e-35 74.500000000000014 1.0000000180025095e-35 1.5000000000000002 1.0000000180025095e-35 59.500000000000007 1.0000000180025095e-35 76.500000000000014 1.0000000180025095e-35 1.0000000180025095e-35 1.0000000180025095e-35 32.500000000000007 42.500000000000007 1.0000000180025095e-35 1.0000000180025095e-35 67.500000000000014 1.0000000180025095e-35 58.500000000000007 65.500000000000014 50.500000000000007 21.500000000000004
decision_type=2 2 2 2 2 2 2 2 2 2 2 2 2 2 2 2 2 2 2 2 2 2 2 2 2 2 2 2 2 2
left_child=1 3 -2 10 5 17 -3 -4 -9 -7 11 12 29 27 26 16 -16 22 -10 20 -13 -22 -5 -21 -25 -11 -15 28 -6 -1
right_child=2 6 7 4 13 9 -8 8 18 25 -12 19 -14 14 15 -17 -18 -19 -20 23 21 -23 -24 24 -26 -27 -28 -29 -30 -31
leaf_value=0.022942826373109945 0.080348339277958272 -0.060623387382227147 0.030587270808634586 -0.0078006287048643704 0.034216742750851382 0.016959191897217969 -0.0079398523176591219 0.28468803872217308 -0.017662210725906173 0.073316514568268321 0.026536477004482056 -0.032738357857285905 0.15242337316731402 -0.00092262829378269586 -0.21290645963107607 0.11954888992074345 0.087785016977591432 -0.060834832408970335 0.054642968463455739 -0.034547499077144092 0.034522973053530227 -0.012383871594559073 0.02379455869016878 -0.19200856507430852 0.14454163784978988 0.31151670650841384 0.27726629710316392 0.084581782352044915 -0.017019304362925303 -0.056665801384463935
leaf_weight=62.272906333208084 319.08271156251431 491.73009601980448 1228.8696612268686 4849.5532338321209 1055.9830580949783 1199.6812863200903 290.88755778968334 7.8661709278821936 546.89069437980652 24.738558948040009 205.21839888393879 522.61917147040367 16.215907052159309 214.76196846365929 34.144408077001572 10.801398664712904 6.1888965964317313 138.89131037145853 92.743855088949203 118.40445666015148 316.62595504522324 817.25774049758911 431.05532273650169 34.279534250497818 5.0404383093118659 9.0728907287120801 4.8650913536548606 102.1498172134161 298.54152157902718 619.96603679656982
leaf_count=307 1754 2207 5731 21081 4614 5008 1238 36 2418 120 877 2302 70 937 141 47 27 886 562 521 1397 3482 1799 149 21 47 21 435 1279 2978
internal_value=0 -0.00503139 0.0277271 -0.00249206 0.00290804 -0.00165888 -0.0410417 0.0187786 -0.00363257 0.0202561 -0.0191428 -0.0228736 -0.0447137 0.0204969 -0.0158228 -0.106287 -0.166767 -0.00664678 -0.00717832 -0.0144655 -0.00983979 0.000714407 -0.00522152 -0.0630466 -0.148866 0.137235 0.0052397 0.0272479 0.0229242 -0.0493993
internal_weight=0 11880.9 2195.45 11098.3 8380.43 6652.99 782.618 1876.37 647.501 1233.49 2717.9 2512.68 698.455 1727.44 270.762 51.1347 40.3333 5419.5 639.635 1814.23 1656.5 1133.88 5280.61 157.724 39.32 33.8114 219.627 1456.67 1354.52 682.239
internal_count=62492 51991 10501 48546 36442 28941 3445 8747 3016 5175 12104 11227 3355 7501 1173 215 168 23766 2980 7872 7181 4879 22880 691 170 167 958 6328 5893 3285
is_linear=0
shrinkage=0.3


Tree=9
num_leaves=31
num_cat=0
split_feature=4 6 12 10 8 0 1 14 3 10 0 8 0 0 7 9 2 0 15 2 0 1 0 0 11 15 0 13 0 11
split_gain=12.2078 10.5839 9.2019 8.16665 8.18486 6.1538 5.27043 5.01699 5.39945 4.62186 5.78695 4.66861 4.52469 4.25731 4.22799 4.61379 5.29829 9.93057 5.4589 4.37211 7.16473 4.60149 4.441 3.84871 4.87442 4.44327 5.47741 4.09186 3.84463 3.78297
threshold=1.0000000180025095e-35 1.0000000180025095e-35 1.0000000180025095e-35 1.0000000180025095e-35 1.0000000180025095e-35 28.500000000000004 1.0000000180025095e-35 1.0000000180025095e-35 1.0000000180025095e-35 1.0000000180025095e-35 58.500000000000007 1.0000000180025095e-35 42.500000000000007 69.500000000000014 1.0000000180025095e-35 1.0000000180025095e-35 1.0000000180025095e-35 44.500000000000007 1.0000000180025095e-35 1.0000000180025095e-35 29.500000000000004 1.0000000180025095e-35 44.500000000000007 72.500000000000014 1.5000000000000002 1.0000000180025095e-35 53.500000000000007 1.0000000180025095e-35 50.500000000000007 2.5000000000000004
decision_type=2 2 2 2 2 2 2 2 2 2 2 2 2 2 2 2 2 2 2 2 2 2 2 2 2 2 2 2 2 2
left_child=1 2 3 4 6 -6 -1 23 -9 10 14 -12 -7 -14 15 -2 17 -17 -18 20 -16 29 -23 24 -3 -26 -27 -25 -19 -22
right_child=9 7 -4 -5 5 12 -8 8 -10 -11 11 -13 13 -15 19 16 18 28 -20 -21 21 22 -24 27 25 26 -28 -29 -30 -31
leaf_value=-0.021369014895338465 0.022949108337222149 -0.026368425651608313 -0.062852272675574208 -0.036674912424532094 -0.021208221765632324 0.037407374302703432 -0.0030373708741959619 0.025694992547615283 0.090577509382233509 -0.03929326258789579 0.069207824581915642 0.24474845904712539 0.0033453432429793582 0.083627350026336672 0.27470139877168243 0.17539940221198672 -0.037133745280720706 -0.28294456538325136 -0.2173814439646192 0.033364197785796988 -0.16275920433510085 0.071254654336991172 0.30206746097168752 0.014031014857330526 -0.00044581110270409019 0.054560605431579395 0.31439169489682534 0.16440747621673829 0.014676383302005661 0.10275885390745555
leaf_weight=1852.6415806859732 959.81912559270859 365.60647159814835 252.25696446746588 681.42587779462337 394.60195709764957 786.67468230426311 5928.1103672683239 671.74023167788982 139.38788436353207 96.567650258541107 67.762037456035614 17.070732906460762 1071.478583574295 62.940662890672684 18.91948764026165 25.714550629258156 102.29143586754799 7.4871386587619773 17.745306760072708 252.51877348124981 11.880348153412342 38.122057847678661 9.3407221883535367 50.626960471272469 54.588081851601601 22.607427626848221 10.785453155636786 24.008662402629852 8.1678194999694806 8.1370019987225533
leaf_count=8221 4514 1566 1613 3012 1724 3469 25533 2805 612 482 333 102 4530 289 149 125 498 36 88 1556 81 272 64 216 247 107 49 102 38 59
internal_value=0 -0.00315548 -0.00621339 -0.00488775 -0.00274238 0.0129148 -0.00740224 0.0220277 0.0368447 0.0243787 0.0283585 0.104532 0.0199238 0.00779961 0.0239329 0.0150574 -0.0318712 0.0607149 -0.0637802 0.0532952 0.111547 0.0658033 0.116679 -0.000724921 -0.0111125 0.052284 0.138483 0.0624039 -0.127664 -0.0548268
internal_weight=0 12369.5 11030.1 10777.9 10096.4 2315.7 7780.75 1339.35 811.128 1641.54 1544.98 84.8328 1921.09 1134.42 1460.14 1121.23 161.406 41.3695 120.037 338.918 86.3996 67.4801 47.4628 528.223 453.587 87.981 33.3929 74.6356 15.655 20.0174
internal_count=62492 54095 48391 46778 43766 10012 33754 5704 3417 8397 7915 435 8288 4819 7480 5299 785 199 586 2181 625 476 336 2287 1969 403 156 318 74 140
is_linear=0
shrinkage=0.3


Tree=10
num_leaves=31
num_cat=0
split_feature=3 7 6 6 0 0 1 12 12 2 0 0 0 0 0 15 8 0 10 0 0 5 5 0 0 15 0 0 8 0
split_gain=8.19041 5.10986 8.35001 4.94563 6.08779 5.53051 5.16924 4.62262 4.36609 3.3961 4.48419 4.33389 3.12252 3.09547 5.23177 3.09244 4.7298 4.62338 3.64182 3.60847 3.44118 2.95204 2.88257 3.45034 6.89954 4.72581 2.94073 2.81313 3.30492 3.78773
threshold=1.0000000180025095e-35 1.0000000180025095e-35 1.0000000180025095e-35 1.0000000180025095e-35 87.500000000000014 92.500000000000014 1.0000000180025095e-35 1.0000000180025095e-35 1.0000000180025095e-35 1.0000000180025095e-35 73.500000000000014 72.500000000000014 67.500000000000014 80.500000000000014 81.500000000000014 1.0000000180025095e-35 1.0000000180025095e-35 42.500000000000007 1.0000000180025095e-35 19.500000000000004 23.500000000000004 1.0000000180025095e-35 1.0000000180025095e-35 60.500000000000007 70.500000000000014 1.0000000180025095e-35 18.500000000000004 28.500000000000004 1.0000000180025095e-35 38.500000000000007
decision_type=2 2 2 2 2 2 2 2 2 2 2 2 2 2 2 2 2 2 2 2 2 2 2 2 2 2 2 2 2 2
left_child=3 22 7 4 6 -6 8 15 -1 10 11 -8 -10 21 -15 18 17 20 19 -3 -17 -12 26 25 -25 -24 -2 -20 -29 -30
right_child=1 2 -4 -5 5 -7 9 -9 12 -11 13 -13 -14 14 -16 16 -18 -19 27 -21 -22 -23 23 24 -26 -27 -28 28 29 -31
leaf_value=-0.01578884197894807 -0.10526389464611527 0.19677167896012901 0.13837553735090435 0.014382204981541975 0.16711210015046016 -0.055967480729507912 -0.011576580348831522 0.33380681817307339 -0.058523537228905631 0.0010072265815443669 -0.080227279554466915 0.16786034318583434 -0.22316744269043659 0.26485167824375455 -0.052990892103889929 -0.17908091066481249 0.12453075832620383 -0.25389263463071965 0.30123019663310124 0.0054260785511465225 0.077308564225763404 -0.24012442385124966 -0.03008603136786166 -0.1819808073224827 0.05433929835575773 0.13028505970311582 0.011157561337728389 -0.073733751747729628 0.38925439303387915 0.020673660494990188
leaf_weight=2187.5387357920408 19.705380260944366 9.0338685289025289 65.569635145366192 1206.3101612702012 33.621407389640808 14.237541288137434 1654.1711290180683 4.3568267673254004 112.2342573851347 5583.7701626047492 62.699192330241203 12.203629046678541 11.422139078378676 5.7300259023904827 24.979395270347595 5.6650438010692588 60.749540828168392 5.8935780823230735 6.234287045896056 489.33902554214001 27.98765704035759 12.456084564328192 98.584833681583405 31.337108746170998 17.23364982008934 19.870642304420471 2154.6570578068495 8.2004660069942474 4.4646407663822174 5.7296072915196419
leaf_count=9790 81 51 398 5201 165 69 7902 24 713 23915 255 50 48 23 107 31 361 31 35 2823 156 51 418 129 73 85 9402 45 26 34
internal_value=0 0.0138835 0.0365077 -0.00373481 -0.00598438 0.100748 -0.00651278 0.0258658 -0.018889 -0.00262429 -0.0140661 -0.0102625 -0.0737317 -0.0739365 0.00631489 0.0237133 0.0719675 -0.00877837 0.0144597 0.00889455 0.0341484 -0.106728 0.00718505 -0.0307944 -0.0981308 -0.00318414 0.0101025 0.127071 0.0680457 0.182096
internal_weight=0 3034.61 693.224 10921.4 9715.06 47.8589 9667.2 627.655 2311.2 7356.01 1772.24 1666.37 123.656 105.865 30.7094 623.298 100.296 39.5463 523.002 498.373 33.6527 75.1553 2341.39 167.026 48.5708 118.455 2174.36 24.629 18.3947 10.1942
internal_count=62492 14203 4015 48289 43088 234 42854 3617 10551 32303 8388 7952 761 436 130 3593 579 218 3014 2874 187 306 10188 705 202 503 9483 140 105 60
is_linear=0
shrinkage=0.3


Tree=11
num_leaves=31
num_cat=0
split_feature=4 11 0 2 14 0 10 0 13 5 6 0 0 0 1 0 15 10 0 11 8 0 10 0 0 14 9 0 0 14
split_gain=5.88513 3.90209 5.79289 3.6818 3.64986 6.83096 3.29962 3.72066 3.0883 9.55161 2.96343 3.28065 5.13285 2.95795 2.91374 3.25337 2.80666 5.42722 5.32722 2.79121 2.78923 3.87347 3.10888 3.10698 5.21893 8.37645 4.74749 2.78273 3.23906 2.72249
threshold=1.0000000180025095e-35 1.0000000180025095e-35 79.500000000000014 1.0000000180025095e-35 1.0000000180025095e-35 18.500000000000004 1.0000000180025095e-35 82.500000000000014 1.0000000180025095e-35 1.0000000180025095e-35 1.0000000180025095e-35 19.500000000000004 39.500000000000007 72.500000000000014 1.0000000180025095e-35 76.500000000000014 1.0000000180025095e-35 1.0000000180025095e-35 30.500000000000004 1.5000000000000002 1.0000000180025095e-35 58.500000000000007 1.0000000180025095e-35 35.500000000000007 29.500000000000004 1.0000000180025095e-35 1.0000000180025095e-35 65.500000000000014 64.500000000000014 1.0000000180025095e-35
decision_type=2 2 2 2 2 2 2 2 2 2 2 2 2 2 2 2 2 2 2 2 2 2 2 2 2 2 2 2 2 2
left_child=1 3 4 8 5 19 7 -5 10 -10 11 -1 16 -11 15 -6 -13 18 -18 -3 22 -22 27 24 -24 -26 -25 28 -2 -14
right_child=20 2 -4 6 14 -7 -8 -9 9 13 -12 12 29 -15 -16 -17 17 -19 -20 -21 21 -23 23 26 25 -27 -28 -29 -30 -31
leaf_value=0.029843817851366996 0.013015605863712013 0.32594696081209718 0.10885762622295354 -0.0014608714939732439 -0.010030149204082298 -0.0065142857263797193 -0.036803599605112057 0.057190674390735941 0.024057149895700614 -0.12288194635033269 0.0062400895084865913 -0.054672605054427025 -0.042135511543408798 0.12342076109887756 0.016886612467358113 0.20570866125412376 0.068687849643641385 0.20252105286446126 -0.13539885718053701 0.064518708189797686 0.033165855032330466 0.18333620271224846 -0.001412461509075081 0.054260292764069358 -0.036715391743025169 -0.48681971774881622 -0.17101936586593486 0.11567871467112778 -0.22594449135563599 -0.0034847672984706169
leaf_weight=87.691364414989948 1129.3000207096338 7.5436288863420469 47.397632047533989 4783.5273381844163 558.20463281869888 2275.2521225214005 233.0820924192667 99.364666253328323 379.66042819619179 56.380244806408882 292.60463458299637 634.060436822474 224.8582913801074 4.7586766928434363 1941.8873996511102 6.3627082407474509 23.626145616173744 11.148683801293371 22.448073595762253 7.1683870255947113 366.07299933582544 16.140316836535931 15.658110603690149 35.418038845062256 7.8780692368745786 7.0521765947341919 11.044341459870337 23.75710329413414 5.1283624172210684 606.19702929258347
leaf_count=427 5543 33 238 20494 2390 9875 1017 473 1695 259 1256 3351 1087 20 8413 28 111 55 108 36 2235 110 76 165 36 33 52 121 26 2729
internal_value=0 -0.00213751 0.00449256 -0.0064428 0.00346124 -0.00519673 -0.00193192 -0.000267339 -0.0162905 0.00633566 -0.0215325 -0.0265799 -0.0298301 -0.103711 0.0113714 -0.00759876 -0.04893 0.0147009 -0.0307464 0.198567 0.0171113 0.0395073 0.0101814 -0.0481696 -0.122416 -0.249318 0.000710185 0.0140634 0.0119353 -0.0139425
internal_weight=0 12303.2 4843.82 7459.41 4796.42 2289.96 5115.97 4882.89 2343.43 440.799 1902.63 1610.03 1522.34 61.1389 2506.45 564.567 691.283 57.2229 46.0742 14.712 1617.45 382.213 1235.24 77.0507 30.5884 14.9302 46.4624 1158.19 1134.43 831.055
internal_count=62492 54095 21013 33082 20775 9944 21984 20967 11098 1974 9124 7868 7441 279 10831 2418 3625 274 219 69 8397 2345 6052 362 145 69 217 5690 5569 3816
is_linear=0
shrinkage=0.3


Tree=12
num_leaves=31
num_cat=0
split_feature=7 2 0 0 9 0 10 0 0 3 0 5 0 0 8 5 13 0 15 0 0 13 0 0 0 0 6 3 9 0
split_gain=4.22931 4.42418 4.3602 3.21759 3.46534 4.46838 3.62635 3.20541 5.73826 3.40252 3.18723 2.91047 3.99129 3.22798 3.58289 2.82974 7.02503 3.73016 3.6828 9.15648 8.94595 9.64657 8.25787 5.66279 4.71846 4.62375 4.65581 4.24408 4.10411 4.09469
threshold=1.0000000180025095e-35 1.0000000180025095e-35 64.500000000000014 25.500000000000004 1.0000000180025095e-35 62.500000000000007 1.0000000180025095e-35 36.500000000000007 41.500000000000007 1.0000000180025095e-35 19.500000000000004 1.0000000180025095e-35 37.500000000000007 39.500000000000007 1.0000000180025095e-35 1.0000000180025095e-35 1.0000000180025095e-35 62.500000000000007 1.0000000180025095e-35 42.500000000000007 39.500000000000007 1.0000000180025095e-35 33.500000000000007 42.500000000000007 49.500000000000007 34.500000000000007 1.0000000180025095e-35 1.0000000180025095e-35 1.0000000180025095e-35 89.500000000000014
decision_type=2 2 2 2 2 2 2 2 2 2 2 2 2 2 2 2 2 2 2 2 2 2 2 2 2 2 2 2 2 2
left_child=15 2 10 -3 5 11 -6 9 -9 -8 -2 13 -13 14 -5 18 -17 -18 20 -20 21 25 -23 -22 -25 28 -27 -24 -1 -21
right_child=1 3 -4 4 6 -7 7 8 -10 -11 -12 12 -14 -15 -16 16 17 -19 19 29 23 22 27 24 -26 26 -28 -29 -30 -31
leaf_value=-0.026516224293444558 0.21568813662319231 -0.014366402018662851 -0.25616390843899622 0.00025113706096096958 0.00696469030447256 -0.1572992418332112 -0.069773014883168588 -0.40575260732745361 -0.063068295664776355 0.21268493254702794 0.044793595653310883 0.12690169599558362 -0.1687024245011545 0.075245986094957806 0.067529599561344217 -0.004600790220482584 -0.087425418776642436 0.0045617792600870111 0.01639244405189386 -0.033634320824209689 0.040925860697540346 0.027783406346868919 -0.048237349887903021 -0.0094450397719549693 0.013422027421888924 -0.00179850285512931 0.090685569066848201 0.030046417528302335 0.01241566784134523 0.19872110132398974
leaf_weight=2300.2405772432685 10.17641896009445 475.78511240333319 4.226347751915454 200.86392775177956 807.6197664514184 10.789124570786951 15.640270039439203 6.3165487498044994 14.477484956383703 5.0865617394447318 282.0018857344985 5.9663148373365429 13.218928731977938 172.79946210980415 110.39273358136415 848.25777541846037 163.96652983129025 52.339278012514114 553.96705237030983 959.82156162708998 503.43740464746952 974.52203813195229 237.06327566504478 1114.7255627438426 2991.6939256712794 625.71194384992123 53.150954589247704 84.560303896665573 272.57456137239933 6.8747613579034796
leaf_count=10734 55 2122 22 933 3944 51 66 30 70 30 1677 28 61 844 568 3750 741 225 2415 4120 2251 4189 1035 4950 12900 2869 237 381 1159 35
internal_value=0 0.0123566 0.0463696 0.00687438 0.014288 0.0337288 0.00251944 -0.0839448 -0.167165 -0.000455147 0.0507458 0.0378243 -0.0767741 0.0423663 0.0241126 -0.00215781 -0.0169072 -0.0651674 -0.000687389 -0.0143595 0.0015829 -0.00785735 0.014027 0.0108961 0.00721455 -0.0165806 0.00544245 -0.0276552 -0.0223916 -0.0319819
internal_weight=0 2135.36 296.405 1838.96 1363.17 514.03 849.141 41.5209 20.794 20.7268 292.178 503.241 19.1852 484.056 311.257 11742.9 1064.56 216.306 10678.3 1520.66 9157.68 4547.82 1296.15 4609.86 4106.42 3251.68 678.863 321.624 2572.82 966.696
internal_count=62492 10501 1754 8747 6625 2485 4140 196 100 96 1732 2434 89 2345 1501 51991 4716 966 47275 6570 40705 20604 5605 20101 17850 14999 3106 1416 11893 4155
is_linear=0
shrinkage=0.3


Tree=13
num_leaves=31
num_cat=0
split_feature=3 0 12 0 14 10 0 13 6 2 8 8 0 15 13 0 0 12 4 7 1 1 0 0 1 9 13 0 13 0
split_gain=2.88438 2.67882 4.27155 3.68585 4.16043 4.04044 4.00288 3.41654 6.63874 3.69938 3.40694 3.05736 3.29232 4.82781 3.56446 2.5131 3.52723 3.18142 3.12306 3.68703 2.56899 2.43934 2.68883 2.32997 2.26887 2.5096 2.24788 2.0756 5.45243 4.50675
threshold=1.0000000180025095e-35 50.500000000000007 1.0000000180025095e-35 52.500000000000007 1.0000000180025095e-35 1.0000000180025095e-35 56.500000000000007 1.0000000180025095e-35 1.0000000180025095e-35 1.0000000180025095e-35 1.0000000180025095e-35 1.0000000180025095e-35 51.500000000000007 1.0000000180025095e-35 1.0000000180025095e-35 29.500000000000004 22.500000000000004 1.0000000180025095e-35 1.0000000180025095e-35 1.0000000180025095e-35 1.0000000180025095e-35 1.0000000180025095e-35 54.500000000000007 65.500000000000014 1.0000000180025095e-35 1.0000000180025095e-35 1.0000000180025095e-35 64.500000000000014 1.0000000180025095e-35 61.500000000000007
decision_type=2 2 2 2 2 2 2 2 2 2 2 2 2 2 2 2 2 2 2 2 2 2 2 2 2 2 2 2 2 2
left_child=-1 15 3 11 5 6 7 9 -9 -5 23 12 13 -3 -14 16 24 -17 -18 -20 -19 -11 -23 -7 25 -2 -27 29 -29 -8
right_child=1 2 -4 4 -6 10 27 8 -10 21 -12 -13 14 -15 -16 17 18 20 19 -21 -22 22 -24 -25 -26 26 -28 28 -30 -31
leaf_value=-0.0022113379829763534 -0.064768418380665327 -0.091473576786165911 0.18273921885113104 0.30767362186262581 0.018250086837275466 0.012284114232815576 -0.030503571184596283 -0.075870675046627631 0.27254158317606575 0.2348812816825166 -0.35517825105584122 0.0012239168497743026 -0.25246504427184419 0.23665444682552861 0.010408591873204533 0.022647566693282287 -0.022325539668962741 -0.20627675849075391 -0.00063674102282206024 0.14708319383766857 0.00096762324021217115 0.10856509253781134 -0.10177222299728511 -0.22354029189743599 0.044658010954219639 0.25980068834036235 -0.030825708233499699 -0.072148015396914553 0.093225828714921868 -0.17012454555721268
leaf_weight=10848.536564461887 36.889821574091911 28.811562970280647 10.526172235608099 6.720578931272029 387.84322267025709 9.2783349901437777 68.381964430212975 32.126493632793427 5.8125086724758139 5.6886942982673672 5.6611441522836676 38.871196553111076 19.188324958086017 4.6929106116294852 6.1240264177322379 1431.6047036722302 472.76846662163734 9.8519229590892792 49.124516993761063 22.024938970804214 11.867967776954174 12.247438348829748 9.8841688036918622 6.3520741909742346 191.93592887371778 4.5675734654068929 5.0361951366066933 45.36033870279789 29.686052560806274 29.906503893435001
leaf_count=48289 157 124 47 29 1697 40 298 145 26 25 27 191 82 20 27 7051 2150 51 262 188 60 56 45 26 881 23 26 193 128 128
internal_value=0 0.00830027 -0.00704631 -0.0097006 -0.0015926 -0.0304045 -0.0195455 0.0396567 -0.0224916 0.107919 -0.155775 -0.0640607 -0.107206 -0.0455133 -0.188866 0.0135389 -0.000169997 0.0209187 -0.0135068 0.0450913 -0.0930363 0.0596643 0.0146266 -0.0835531 0.0302546 -0.0292058 0.107397 -0.0443008 -0.00673119 -0.0729864
internal_weight=0 2998.84 763.164 752.638 654.95 267.106 245.815 72.4799 37.939 34.5409 21.2916 97.688 58.8168 33.5045 25.3124 2235.67 782.347 1453.32 543.918 71.1495 21.7199 27.8203 22.1316 15.6304 238.43 46.4936 9.60377 173.335 75.0464 98.2885
internal_count=62492 14203 3354 3307 2863 1166 1073 326 171 155 93 444 253 144 109 10849 3687 7162 2600 450 111 126 101 66 1087 206 49 747 321 426
is_linear=0
shrinkage=0.3


Tree=14
num_leaves=31
num_cat=0
split_feature=1 4 14 0 2 0 8 12 0 0 9 3 0 0 9 0 15 0 0 0 0 11 0 0 0 0 11 6 11 0
split_gain=2.26632 2.95559 3.25396 5.87431 5.75259 4.15682 5.47639 3.89887 4.07744 5.22597 3.53724 3.85135 3.46919 5.1897 3.56881 2.85797 3.16925 4.166 3.90305 2.78699 2.69486 2.6684 2.54766 2.48935 2.43812 2.37138 2.171 2.16457 1.99358 1.95191
threshold=1.0000000180025095e-35 1.0000000180025095e-35 1.0000000180025095e-35 41.500000000000007 1.0000000180025095e-35 32.500000000000007 1.0000000180025095e-35 1.0000000180025095e-35 45.500000000000007 41.500000000000007 1.0000000180025095e-35 1.0000000180025095e-35 37.500000000000007 35.500000000000007 1.0000000180025095e-35 42.500000000000007 1.0000000180025095e-35 39.500000000000007 38.500000000000007 39.500000000000007 29.500000000000004 1.0000000180025095e-35 36.500000000000007 45.500000000000007 49.500000000000007 43.500000000000007 1.5000000000000002 1.0000000180025095e-35 1.5000000000000002 21.500000000000004
decision_type=2 2 2 2 2 2 2 2 2 2 2 2 2 2 2 2 2 2 2 2 2 2 2 2 2 2 2 2 2 2
left_child=-1 -2 4 29 7 10 12 8 9 27 26 20 13 14 -7 16 17 18 -14 -18 -12 22 -15 -17 -25 -11 -6 -3 -29 -4
right_child=1 2 3 -5 5 6 -8 -9 -10 25 11 -13 15 21 -16 23 19 -19 -20 -21 -22 -23 -24 24 -26 -27 -28 28 -30 -31
leaf_value=-0.0068214538511017185 0.00041172611090779592 0.043950263069937899 0.084653448952700036 0.063740513840072718 0.045876001358661739 -0.0088484128987714582 0.0193448881553329 -0.20861376187698022 -0.032242972716886011 0.37805441092837833 -0.19678292087033858 0.10213440665536831 0.11470481906595124 -0.20703807080415851 -0.31549475169641289 -0.18397999147416327 0.027090440057244706 0.1854488894387793 -0.24693959475796287 -0.29565591849576417 0.042400145182387147 -0.077670820356001216 -0.47661559949280019 0.032469727763026937 -0.095234118516751023 0.13924693734987986 0.24816161036126094 0.34122022900084326 0.048178211501066943 0.0030820992156627503
leaf_weight=3281.4561024680734 9355.5834590569139 65.864736869931221 28.121287684887648 271.22675391286612 71.826606631278992 19.380856245756153 76.46862455457449 4.9727297723293296 30.482349775731564 7.3535055592656118 15.473746672272684 9.0725518018007296 5.4635758996009844 5.9496884047985095 4.146595984697341 17.271433763206005 5.0981418937444669 13.950988858938215 5.2828910499811172 4.5634279251098633 5.8394184112548819 4.3505198061466208 6.7173602133989334 19.568462520837784 43.069830469787121 7.6208058670163155 5.1150254607200614 4.5153826922178251 3.8888442143797874 431.67126008868217
leaf_count=15079 41038 389 143 1434 353 93 467 21 161 38 85 65 27 28 23 84 24 71 26 22 32 25 31 97 213 43 36 25 31 2288
internal_value=0 0.00220582 0.0162596 0.0287258 -0.00341002 -0.0236961 -0.0463392 0.0516755 0.0624864 0.0948427 0.0250981 -0.061567 -0.0787832 -0.154175 -0.0628933 -0.0520325 0.020322 0.0773091 -0.0630771 -0.125352 -0.131251 -0.280376 -0.349996 -0.083143 -0.0553389 0.256519 0.0593238 0.062245 0.205622 0.00807107
internal_weight=0 10549.9 1194.33 731.019 463.308 338.61 231.282 124.698 119.726 89.2433 107.327 30.3857 154.814 40.545 23.5275 114.269 34.359 24.6975 10.7465 9.66157 21.3132 17.0176 12.667 79.9097 62.6383 14.9743 76.9416 74.269 8.40423 459.793
internal_count=62492 47413 6375 3865 2510 1802 1231 708 687 526 571 182 764 200 116 564 170 124 53 46 117 84 59 394 310 81 389 445 56 2431
is_linear=0
shrinkage=0.3


Tree=15
num_leaves=31
num_cat=0
split_feature=10 0 0 0 0 7 2 0 15 0 9 3 0 3 13 6 0 12 0 1 11 0 0 0 1 6 14 0 8 11
split_gain=2.31982 2.19414 2.62079 1.93227 2.25516 1.96912 2.48197 2.72023 2.07175 4.61352 4.21091 4.41925 3.02775 4.67754 4.90247 4.45359 3.29444 3.03476 2.26329 5.12022 3.70463 2.1703 2.21156 3.1004 2.0913 2.08737 2.12585 2.06532 2.93183 2.03686
threshold=1.0000000180025095e-35 51.500000000000007 89.500000000000014 89.500000000000014 91.500000000000014 1.0000000180025095e-35 1.0000000180025095e-35 64.500000000000014 1.0000000180025095e-35 52.500000000000007 1.0000000180025095e-35 1.0000000180025095e-35 38.500000000000007 1.0000000180025095e-35 1.0000000180025095e-35 1.0000000180025095e-35 51.500000000000007 1.0000000180025095e-35 40.500000000000007 1.0000000180025095e-35 1.5000000000000002 50.500000000000007 37.500000000000007 36.500000000000007 1.0000000180025095e-35 1.0000000180025095e-35 1.0000000180025095e-35 42.500000000000007 1.0000000180025095e-35 2.5000000000000004
decision_type=2 2 2 2 2 2 2 2 2 2 2 2 2 2 2 2 2 2 2 2 2 2 2 2 2 2 2 2 2 2
left_child=3 -2 -3 5 -5 -1 7 -7 12 21 -11 -12 17 25 18 16 24 -8 19 -15 -20 22 23 -10 29 -14 -27 -22 -29 -16
right_child=1 2 -4 4 -6 6 8 -9 9 10 11 -13 13 14 15 -17 -18 -19 20 -21 27 -23 -24 -25 -26 26 -28 28 -30 -31
leaf_value=-0.00068547360180743573 -0.026189541397829846 0.0084837676549106341 -0.197031905415324 0.16043954497724858 0.0097293310680304865 0.041469216470549908 -0.005891026406951827 -0.19845118604205161 0.048043972783206677 -0.26477187788467305 -0.13182083678452916 0.2249826789816175 0.034892341028404203 -0.171601255797384 0.14843856909728401 0.13717275907668711 -0.35781627612737887 -0.19772406579468427 0.12024559987138597 0.20617787985946331 -0.16492589755883233 0.2191696562474765 -0.0062471983732076599 0.237614541728118 -0.14419610787455106 0.0060668837922868693 0.16002466821693626 -0.19118408910576826 0.018466573509600865 -0.11528291976069865
leaf_weight=10899.177970074117 558.46707812696695 317.49588520824909 5.6844908446073523 14.757448107004164 22.6517713367939 248.17301877215505 1061.7487582340837 4.3273388370871535 148.47246733307838 8.5979046523571014 8.1496940255165082 5.0663012489676484 246.33474220335484 4.24450457841158 5.1104398071765882 6.3668337464332572 5.1072601526975623 7.4742286726832381 16.687109291553497 13.494556941092014 9.9280240386724454 6.1234250068664542 69.794689364731312 8.1930481046438199 28.116484932601452 11.831297174096106 25.402481012046337 7.1036591827869406 38.755265802145004 5.4432662725448608
leaf_count=48354 2601 1365 27 80 114 1551 4976 21 706 40 36 28 1122 25 32 43 28 36 89 81 62 30 348 45 165 55 122 39 237 34
internal_value=0 -0.0148046 0.00486891 0.00109979 0.0691825 0.000902339 0.00955506 0.0373575 0.00553793 0.0305628 -0.101355 0.00495843 0.00127429 0.0227288 -0.0220628 -0.0972658 -0.131362 -0.007232 0.0197383 0.115785 -0.00377054 0.0429353 0.0381699 0.0579578 -0.101453 0.0448992 0.111103 -0.0408665 -0.0140088 0.0124194
internal_weight=0 881.647 323.18 12936.6 37.4092 12899.2 2000.05 252.5 1747.55 254.398 21.8139 13.216 1493.15 423.926 140.357 50.1443 43.7775 1069.22 90.2131 17.7391 72.4741 232.584 226.46 156.666 38.6702 283.569 37.2338 55.7869 45.8589 10.5537
internal_count=62492 3993 1392 58499 194 58305 9951 1572 8379 1233 104 64 7146 2134 835 302 259 5012 533 106 427 1129 1099 751 231 1299 177 338 276 66
is_linear=0
shrinkage=0.3


Tree=16
num_leaves=31
num_cat=0
split_feature=3 0 11 14 7 11 0 6 15 0 0 14 1 15 0 15 11 0 0 0 0 0 11 5 2 0 0 0 10 12
split_gain=1.42839 1.9443 3.05892 3.41378 2.96256 2.46237 3.64484 2.86805 4.08067 3.01302 2.43112 3.68287 2.38066 2.10938 2.07576 1.84004 4.30908 2.95065 6.5985 3.51395 2.49563 3.22121 2.28005 3.36193 1.50592 3.29981 2.02221 1.65544 1.48874 1.45875
threshold=1.0000000180025095e-35 57.500000000000007 2.5000000000000004 1.0000000180025095e-35 1.0000000180025095e-35 1.5000000000000002 78.500000000000014 1.0000000180025095e-35 1.0000000180025095e-35 58.500000000000007 56.500000000000007 1.0000000180025095e-35 1.0000000180025095e-35 1.0000000180025095e-35 62.500000000000007 1.0000000180025095e-35 1.0000000180025095e-35 90.500000000000014 86.500000000000014 87.500000000000014 94.500000000000014 96.500000000000014 1.0000000180025095e-35 1.0000000180025095e-35 1.0000000180025095e-35 65.500000000000014 59.500000000000007 70.500000000000014 1.0000000180025095e-35 1.0000000180025095e-35
decision_type=2 2 2 2 2 2 2 2 2 2 2 2 2 2 2 2 2 2 2 2 2 2 2 2 2 2 2 2 2 2
left_child=1 10 4 -4 5 15 7 9 -9 -7 29 12 -12 -6 -5 20 17 18 -17 -20 22 -22 -3 -24 25 -18 -26 -27 -13 -1
right_child=-2 2 3 14 13 6 -8 8 -10 -11 11 28 -14 -15 -16 16 24 -19 19 -21 21 -23 23 -25 26 27 -28 -29 -30 -31
leaf_value=-0.0023061343182792797 0.0059103654127598574 0.014487009953729367 -0.0045069415878136341 0.39368152644424059 -0.048579524081015624 -0.11754424849663847 0.26581105398350868 0.065871728925044754 0.35802525280822584 0.028392462512325484 -0.011891681369556121 0.0076267692818046051 -0.13972972851989529 -0.24737824072339928 0.11087432067736545 -0.02516860109130584 -0.15071242634112356 0.2094970521873783 -0.4830723342654753 -0.12071810638252189 -0.33970899096721507 0.028563921331525396 0.00061640231175433551 -0.076060645196537865 0.16367655761885769 0.18362871935856787 0.037090349177284536 -0.027457655391599372 -0.13244258722327007 -0.026563076003226039
leaf_weight=7996.7653233781457 2979.8324526585639 1357.1547068208456 8.921392560005188 4.7611254677176476 22.706522859632972 14.141384392976759 6.2101877629756919 25.753074571490291 5.1659253835678092 127.80587059259415 19.26969014108181 85.206826418638229 41.017921209335327 6.0925333946943274 4.5854393690824509 350.37011183798313 10.907268658280374 4.6123440861701956 4.1722867488861066 5.6981401145458221 4.2324825227260572 4.3187005072832108 315.89825196564198 61.479304254055023 13.360173121094702 6.2903850972652418 75.784471176564693 7.1381744146347046 7.4243644475936881 229.53088356554508
leaf_count=35538 14203 5803 39 23 100 58 44 120 26 547 89 373 180 26 26 1487 46 25 19 31 20 20 1349 264 56 27 321 31 32 1569
internal_value=0 -0.00150687 0.00593167 0.128234 0.00501198 0.00615948 0.0400005 0.0318883 0.114685 0.0138536 -0.00367966 -0.0411592 -0.0988689 -0.090636 0.254936 0.00343143 -0.0130507 -0.0289307 -0.0319834 -0.273887 0.00795442 -0.153716 0.00875145 -0.0118752 0.0380053 -0.0281381 0.0560619 0.0714222 -0.00359975 -0.00298295
internal_weight=0 10826.8 2447.56 18.268 2429.29 2400.49 179.076 172.866 30.919 141.947 8379.22 152.919 60.2876 28.7991 9.34656 2221.42 478.333 364.853 360.241 9.87043 1743.08 8.55118 1734.53 377.378 113.48 24.3358 89.1446 13.4286 92.6312 8226.3
internal_count=62492 48289 10508 88 10420 10294 795 751 146 605 37781 674 269 126 49 9499 2043 1562 1537 50 7456 40 7416 1613 481 104 377 58 405 37107
is_linear=0
shrinkage=0.3


Tree=17
num_leaves=31
num_cat=0
split_feature=6 0 0 2 12 10 0 0 0 8 15 9 2 0 0 15 9 10 1 0 0 0 15 0 4 0 5 14 0 11
split_gain=1.23628 2.27719 1.9363 2.02934 2.78132 2.76316 2.22455 2.15693 4.78962 1.96676 3.21587 2.5021 4.83941 4.54241 2.07718 5.67562 1.93878 1.69522 2.02758 4.14579 4.90841 4.71562 4.29991 2.72932 2.04302 1.93956 3.33334 2.45263 4.98783 4.08236
threshold=1.0000000180025095e-35 19.500000000000004 21.500000000000004 1.0000000180025095e-35 1.0000000180025095e-35 1.0000000180025095e-35 86.500000000000014 51.500000000000007 45.500000000000007 1.0000000180025095e-35 1.0000000180025095e-35 1.0000000180025095e-35 1.0000000180025095e-35 20.500000000000004 20.500000000000004 1.0000000180025095e-35 1.0000000180025095e-35 1.0000000180025095e-35 1.0000000180025095e-35 66.500000000000014 55.500000000000007 70.500000000000014 1.0000000180025095e-35 78.500000000000014 1.0000000180025095e-35 26.500000000000004 1.0000000180025095e-35 1.0000000180025095e-35 23.500000000000004 1.0000000180025095e-35
decision_type=2 2 2 2 2 2 2 2 2 2 2 2 2 2 2 2 2 2 2 2 2 2 2 2 2 2 2 2 2 2
left_child=2 -2 9 4 -4 7 17 8 -6 11 16 14 -13 -14 -1 -16 -11 25 19 20 22 -21 24 -23 -19 26 27 28 -5 -29
right_child=1 -3 3 6 5 -7 -8 -9 -10 10 -12 12 13 -15 15 -17 -18 18 -20 21 -22 23 -24 -25 -26 -27 -28 29 -30 -31
leaf_value=1.5307600648086377e-05 -0.0896191375222464 0.0097206545052608527 -0.0072452839589021564 0.038483201769440117 -0.06839911591361586 0.19282698038425167 0.067911197500414439 -0.14468299184817254 0.15768661506930989 -0.056384019798064337 -0.18402480509705962 0.19905791783665824 0.076708953211866257 -0.055833290501328001 0.021859187337315029 0.21763524998884035 0.028509202791444362 -0.15148888027257759 -0.0084663345578331137 -0.40456972902018729 0.11760535271929255 0.076511933391697401 0.11918095673990246 -0.23463635898640817 0.016376138001520057 0.0027083819387704513 0.13413409229543602 -0.041552765475602729 -0.021047179051480007 0.0074108783911681006
leaf_weight=552.98181442171335 21.069755859673023 1450.1462405771017 2569.9403693974018 214.48357330262661 72.422933019697666 3.8734514266252509 43.460914961993694 23.787937991321087 9.5447423607110959 43.924042776226997 10.535950198769568 18.172309339046478 67.719582244753838 35.455136373639107 218.31202206015587 14.193604275584219 53.949541892856359 31.381621748209 312.04886659234762 6.1392661631107357 15.796241819858549 5.3292366713285428 8.4463507682085019 4.8429966568946838 8.2382049709558469 6984.2530850693583 14.20750657469034 429.79228939116001 309.3955602645874 238.18066620826721
leaf_count=2509 94 6485 12332 938 577 25 233 133 61 193 49 84 291 149 992 60 247 147 1374 26 69 22 38 20 38 30937 63 1874 1385 1047
internal_value=0 0.00829798 -0.000903045 -0.00203005 -0.00924154 -0.056038 0.000210114 -0.065153 -0.0420725 0.0116471 -0.0265422 0.0162125 0.0563052 0.0311619 0.0100188 0.0338106 -0.00958947 -0.000132716 -0.0193996 -0.0619534 -0.0274761 -0.196938 -0.075155 -0.0716257 -0.116584 0.000789947 -0.0103196 -0.0120416 0.00332541 -0.0240937
internal_weight=0 1471.22 12320.8 11305.6 2679.57 109.629 8626 105.756 81.9677 1015.24 108.41 906.834 121.347 103.175 785.487 232.506 97.8736 8582.54 392.223 80.1739 63.8624 16.3115 48.0662 10.1722 39.6198 8190.31 1206.06 1191.85 523.879 667.973
internal_count=62492 6579 55913 51339 13128 796 38211 771 638 4574 489 4085 524 440 3561 1052 440 37978 1734 360 292 68 223 42 185 36244 5307 5244 2323 2921
is_linear=0
shrinkage=0.3


Tree=18
num_leaves=31
num_cat=0
split_feature=5 0 0 0 0 2 8 15 0 0 2 0 11 9 11 14 0 0 0 0 0 8 11 0 10 7 0 13 0 6
split_gain=1.36212 4.453 5.73735 4.94304 5.40044 4.22617 5.2156 3.53712 5.04581 4.20147 3.96625 4.79017 3.70862 5.59258 4.69251 4.04148 3.39574 3.87507 3.36892 2.94528 2.89867 2.89759 2.70985 2.01761 1.84851 1.77898 1.67722 1.58539 1.52237 1.92728
threshold=1.0000000180025095e-35 37.500000000000007 64.500000000000014 32.500000000000007 28.500000000000004 1.0000000180025095e-35 1.0000000180025095e-35 1.0000000180025095e-35 51.500000000000007 45.500000000000007 1.0000000180025095e-35 48.500000000000007 1.5000000000000002 1.0000000180025095e-35 1.0000000180025095e-35 1.0000000180025095e-35 58.500000000000007 61.500000000000007 52.500000000000007 34.500000000000007 25.500000000000004 1.0000000180025095e-35 1.5000000000000002 63.500000000000007 1.0000000180025095e-35 1.0000000180025095e-35 29.500000000000004 1.0000000180025095e-35 45.500000000000007 1.0000000180025095e-35
decision_type=2 2 2 2 2 2 2 2 2 2 2 2 2 2 2 2 2 2 2 2 2 2 2 2 2 2 2 2 2 2
left_child=-1 3 7 4 5 -2 20 12 9 -9 -11 -12 14 -14 28 -15 18 -18 -17 27 -7 23 -23 -10 -16 26 -6 -5 -3 -30
right_child=1 2 -4 19 25 6 -8 8 21 10 11 -13 13 15 24 16 17 -19 -20 -21 -22 22 -24 -25 -26 -27 -28 -29 29 -31
leaf_value=0.00093604835301746236 -0.11143062753193095 0.0035856258216469521 0.018744662085201643 0.25700107308329984 -0.18965360306910073 0.12446643696182097 -0.079251521756554935 0.0019068175314874633 -0.080987403590036269 0.014021565043713619 0.41915877069645108 0.08647970877249482 -0.29398526803858965 -0.056674220541511423 -0.088299158546212911 0.10992449119628593 0.37673191885927776 0.040974303740716055 -0.095001790625156915 0.058824173709798686 0.36031219654374658 0.22055515542662196 -0.035445718343340663 0.11544224414753873 -0.22858075414041382 -0.24350322153824505 -0.015302381959226416 0.059610214488073389 -0.02896973971546973 -0.08549568479556062
leaf_weight=12651.885091044009 9.438104495406149 81.775237031280994 293.49453268200159 14.540814377367498 6.9498594850301805 16.036825053393844 8.7490786164999026 24.03790507465601 53.843511894345284 8.5142443627119064 8.5878660529851896 7.1288486272096643 4.7312838062643996 24.028329841792583 126.88698959350586 22.856550931930542 6.9960751384496671 5.5461187139153481 10.553786799311636 31.544680841267109 6.6288038715720168 6.9784686118364316 7.9732907265424728 5.1568683683872214 9.0575042515993101 6.3388585969805709 17.39341726899147 4.89478676021099 224.13009217381477 71.637802615761757
leaf_count=57433 50 383 1248 70 31 71 39 108 249 42 38 32 23 106 550 102 29 24 47 152 30 29 36 22 39 32 80 22 1071 304
internal_value=0 -0.00995069 -0.01654 0.0440437 -0.00682667 0.0646079 0.117496 -0.0311171 0.0153214 0.0907707 0.178927 0.268261 -0.0407665 0.0216838 -0.049853 0.0430257 0.0951582 0.228261 0.0451916 0.115425 0.193442 -0.0339247 0.0840382 -0.0638187 -0.0976456 -0.101941 -0.0650786 0.207289 -0.0326439 -0.0426609
internal_weight=0 1126.43 1003.92 122.515 71.5349 40.8528 31.4147 710.421 122.221 48.2689 24.231 15.7167 588.2 74.7121 513.488 69.9809 45.9525 12.5422 33.4103 50.9803 22.6656 73.9521 14.9518 59.0004 135.944 30.6821 24.3433 19.4356 377.543 295.768
internal_count=62492 5059 4482 577 333 190 140 3234 556 220 112 70 2678 331 2347 308 202 53 149 244 101 336 65 271 589 143 111 92 1758 1375
is_linear=0
shrinkage=0.3


end of trees

feature_importances:
idade=222
cs_sexo=34
other_dishx=32
n_sub_abuse=32
cs_raca=30
prior_tb=25
alcohol_yn=24
educ_cat_12+_years=24
educ_cat_9-12_years=24
drug_yn=22
benef_gov=19
educ_cat_under_5=19
hiv=17
tobacco_yn=16
diabetes=15
educ_cat_5-9_years=15

parameters:
[boosting: gbdt]
[objective: binary]
[metric: auc]
[tree_learner: serial]
[device_type: cpu]
[data: ]
[valid: ]
[num_iterations: 1000]
[learning_rate: 0.3]
[num_leaves: 31]
[num_threads: -1]
[deterministic: 0]
[force_col_wise: 0]
[force_row_wise: 0]
[histogram_pool_size: -1]
[max_depth: 12]
[min_data_in_leaf: 20]
[min_sum_hessian_in_leaf: 0.001]
[bagging_fraction: 1]
[pos_bagging_fraction: 1]
[neg_bagging_fraction: 1]
[bagging_freq: 0]
[bagging_seed: 400]
[feature_fraction: 1]
[feature_fraction_bynode: 1]
[feature_fraction_seed: 30056]
[extra_trees: 0]
[extra_seed: 12879]
[early_stopping_round: 10]
[first_metric_only: 0]
[max_delta_step: 0]
[lambda_l1: 0]
[lambda_l2: 0]
[linear_lambda: 0]
[min_gain_to_split: 0]
[drop_rate: 0.1]
[max_drop: 50]
[skip_drop: 0.5]
[xgboost_dart_mode: 0]
[uniform_drop: 0]
[drop_seed: 17869]
[top_rate: 0.2]
[other_rate: 0.1]
[min_data_per_group: 100]
[max_cat_threshold: 32]
[cat_l2: 10]
[cat_smooth: 10]
[max_cat_to_onehot: 4]
[top_k: 20]
[monotone_constraints: ]
[monotone_constraints_method: basic]
[monotone_penalty: 0]
[feature_contri: ]
[forcedsplits_filename: ]
[refit_decay_rate: 0.9]
[cegb_tradeoff: 1]
[cegb_penalty_split: 0]
[cegb_penalty_feature_lazy: ]
[cegb_penalty_feature_coupled: ]
[path_smooth: 0]
[interaction_constraints: ]
[verbosity: -1]
[saved_feature_importance_type: 0]
[linear_tree: 0]
[max_bin: 255]
[max_bin_by_feature: ]
[min_data_in_bin: 3]
[bin_construct_sample_cnt: 200000]
[data_random_seed: 175]
[is_enable_sparse: 1]
[enable_bundle: 1]
[use_missing: 1]
[zero_as_missing: 0]
[feature_pre_filter: 1]
[pre_partition: 0]
[two_round: 0]
[header: 0]
[label_column: ]
[weight_column: ]
[group_column: ]
[ignore_column: ]
[categorical_feature: ]
[forcedbins_filename: ]
[precise_float_parser: 0]
[objective_seed: 16083]
[num_class: 1]
[is_unbalance: 0]
[scale_pos_weight: 1]
[sigmoid: 1]
[boost_from_average: 1]
[reg_sqrt: 0]
[alpha: 0.9]
[fair_c: 1]
[poisson_max_delta_step: 0.7]
[tweedie_variance_power: 1.5]
[lambdarank_truncation_level: 30]
[lambdarank_norm: 1]
[label_gain: ]
[eval_at: ]
[multi_error_top_k: 1]
[auc_mu_weights: ]
[num_machines: 1]
[local_listen_port: 12400]
[time_out: 120]
[machine_list_filename: ]
[machines: ]
[gpu_platform_id: -1]
[gpu_device_id: -1]
[gpu_use_dp: 0]
[num_gpu: 1]

end of parameters

pandas_categorical:[]
